Algoritmo;n;Operacoes;Tempo (ms)
1;31250000;15625000;35.868
2;31250000;62500007;48.880
1;62500000;31250000;39.505
2;62500000;125000007;91.557
1;125000000;62500000;56.036
2;125000000;250000007;10.542
1;250000000;125000000;102.392
2;250000000;500000007;19.309
1;500000000;250000000;191.713
2;500000000;1000000007;28.808
3;12500;78118750;76.396
3;25000;312487500;282.793
3;50000;1249975000;583.774
3;100000;4999950000;4609.911
3;200000;19999900000;18729.538
4;3;3;0.005
4;6;15;0.002
4;12;287;0.019
4;24;92735;1.142
4;48;9615053951;13815.403
